0 271.742
0.01 271.298
0.02 271.004
0.03 271.01
0.04 271.467
0.05 272.525
0.06 274.313
0.07 276.885
0.08 280.27
0.09 284.502
0.1 289.611
0.11 295.671
0.12 302.913
0.13 311.613
0.14 322.044
0.15 334.48
0.16 349.102
0.17 365.714
0.18 384.03
0.19 403.763
0.2 424.624
0.21 446.12
0.22 466.934
0.23 485.542
0.24 500.423
0.25 510.052
0.26 513.447
0.27 511.783
0.28 506.775
0.29 500.14
0.3 493.592
0.31 488.37
0.32 483.814
0.33 478.783
0.34 472.14
0.35 462.747
0.36 449.701
0.37 433.041
0.38 413.04
0.39 389.972
0.4 364.112
0.41 336.086
0.42 307.927
0.43 282.019
0.44 260.749
0.45 246.5
0.46 240.95
0.47 242.939
0.48 250.601
0.49 262.067
0.5 275.471
0.51 289.118
0.52 302.011
0.53 313.324
0.54 322.233
0.55 327.915
0.56 329.852
0.57 328.767
0.58 325.689
0.59 321.647
0.6 317.672
0.61 314.636
0.62 312.786
0.63 312.211
0.64 313
0.65 315.242
0.66 318.877
0.67 323.249
0.68 327.553
0.69 330.984
0.7 332.734
0.71 332.282
0.72 330.228
0.73 327.455
0.74 324.847
0.75 323.286
0.76 323.39
0.77 324.707
0.78 326.523
0.79 328.121
0.8 328.785
0.81 327.918
0.82 325.404
0.83 321.249
0.84 315.457
0.85 308.032
0.86 299.173
0.87 289.851
0.88 281.234
0.89 274.488
0.9 270.779
0.91 270.747
0.92 272.93
0.93 275.335
0.94 275.974
0.95 272.855
0.96 264.627
0.97 252.483
0.98 238.258
0.99 223.782
1 210.888
1.01 201.023
1.02 194.094
1.03 189.621
1.04 187.126
1.05 186.128
1.06 186.204
1.07 187.15
1.08 188.818
1.09 191.06
1.1 193.726
1.11 196.613
1.12 199.299
1.13 201.307
1.14 202.158
1.15 201.376
1.16 198.723
1.17 194.924
1.18 190.942
1.19 187.743
1.2 186.29
1.21 187.15
1.22 189.296
1.23 191.302
1.24 191.744
1.25 189.196
1.26 182.837
1.27 174.257
1.28 165.653
1.29 159.217
1.3 157.145
1.31 160.93
1.32 169.259
1.33 180.117
1.34 191.488
1.35 201.359
1.36 208.169
1.37 212.186
1.38 214.13
1.39 214.723
1.4 214.687
1.41 214.647
1.42 214.845
1.43 215.427
1.44 216.538
1.45 218.324
1.46 220.837
1.47 223.758
1.48 226.675
1.49 229.175
1.5 230.846
1.51 231.404
1.52 231.08
1.53 230.232
1.54 229.221
1.55 228.404
1.56 228.047
1.57 228.035
1.58 228.159
1.59 228.211
1.6 227.981
1.61 227.316
1.62 226.294
1.63 225.045
1.64 223.703
1.65 222.401
1.66 221.266
1.67 220.41
1.68 219.94
1.69 219.963
1.7 220.586
1.71 221.794
1.72 223.087
1.73 223.841
1.74 223.433
1.75 221.241
1.76 216.976
1.77 211.689
1.78 206.765
1.79 203.588
1.8 203.545
1.81 207.548
1.82 214.617
1.83 223.303
1.84 232.154
1.85 239.72
1.86 244.979
1.87 248.634
1.88 251.818
1.89 255.663
1.9 261.302
1.91 269.255
1.92 277.599
1.93 283.798
1.94 285.316
1.95 279.618
1.96 265.209
1.97 244.764
1.98 221.998
1.99 200.626
2 184.365
2.01 175.918
2.02 173.947
2.03 176.103
2.04 180.038
2.05 183.402
2.06 184.372
2.07 183.233
2.08 180.795
2.09 177.868
2.1 175.264
2.11 173.614
2.12 172.831
2.13 172.651
2.14 172.806
2.15 173.031
2.16 173.102
2.17 172.955
2.18 172.568
2.19 171.916
2.2 170.978
2.21 169.748
2.22 168.286
2.23 166.671
2.24 164.981
2.25 163.293
2.26 161.706
2.27 160.397
2.28 159.563
2.29 159.402
2.3 160.109
2.31 161.692
2.32 163.398
2.33 164.282
2.34 163.4
2.35 159.807
2.36 153.276
2.37 146.439
2.38 142.644
2.39 145.24
2.4 157.574
2.41 181.58
2.42 213.523
2.43 248.255
2.44 280.625
2.45 305.486
2.46 318.967
2.47 322.321
2.48 318.078
2.49 308.772
2.5 296.934
