0 14.757
0.01 14.7398
0.02 14.6576
0.03 14.5106
0.04 14.2988
0.05 14.022
0.06 13.6804
0.07 13.2738
0.08 12.8024
0.09 12.2662
0.1 11.665
0.11 10.9611
0.12 10.2423
0.13 9.50848
0.14 8.75972
0.15 7.996
0.16 7.21732
0.17 6.42368
0.18 5.61508
0.19 4.79152
0.2 3.953
0.21 3.15144
0.22 2.44016
0.23 1.81916
0.24 1.28844
0.25 0.848
0.26 0.49784
0.27 0.23796
0.28 0.06836
0.29 -0.01096
0.3 0
0.31 0.24244
0.32 0.53636
0.33 0.88176
0.34 1.27864
0.35 1.727
0.36 2.22684
0.37 2.77816
0.38 3.38096
0.39 4.03524
0.4 4.741
0.41 5.41612
0.42 6.04028
0.43 6.61348
0.44 7.13572
0.45 7.607
0.46 8.02732
0.47 8.39668
0.48 8.71508
0.49 8.98252
0.5 9.199
0.51 9.31476
0.52 9.39484
0.53 9.43924
0.54 9.44796
0.55 9.421
0.56 9.35836
0.57 9.26004
0.58 9.12604
0.59 8.95636
0.6 8.751
0.61 8.53148
0.62 8.29692
0.63 8.04732
0.64 7.78268
0.65 7.503
0.66 7.20828
0.67 6.89852
0.68 6.57372
0.69 6.23388
0.7 5.879
0.71 5.49948
0.72 5.14032
0.73 4.80152
0.74 4.48308
0.75 4.185
0.76 3.90728
0.77 3.64992
0.78 3.41292
0.79 3.19628
0.8 3
0.81 2.87292
0.82 2.77488
0.83 2.70588
0.84 2.66592
0.85 2.655
0.86 2.67312
0.87 2.72028
0.88 2.79648
0.89 2.90172
0.9 3.036
0.91 3.17812
0.92 3.32548
0.93 3.47808
0.94 3.63592
0.95 3.799
0.96 3.96732
0.97 4.14088
0.98 4.31968
0.99 4.50372
1 4.693
1.01 4.88168
1.02 5.06372
1.03 5.23912
1.04 5.40788
1.05 5.57
1.06 5.72548
1.07 5.87432
1.08 6.01652
1.09 6.15208
1.1 6.281
1.11 6.36328
1.12 6.43652
1.13 6.50072
1.14 6.55588
1.15 6.602
1.16 6.63908
1.17 6.66712
1.18 6.68612
1.19 6.69608
1.2 6.697
1.21 6.71032
1.22 6.71268
1.23 6.70408
1.24 6.68452
1.25 6.654
1.26 6.61252
1.27 6.56008
1.28 6.49668
1.29 6.42232
1.3 6.337
1.31 6.38332
1.32 6.39908
1.33 6.38428
1.34 6.33892
1.35 6.263
1.36 6.15652
1.37 6.01948
1.38 5.85188
1.39 5.65372
1.4 5.425
1.41 5.46068
1.42 5.47812
1.43 5.47732
1.44 5.45828
1.45 5.421
1.46 5.36548
1.47 5.29172
1.48 5.19972
1.49 5.08948
1.5 4.961
1.51 4.87444
1.52 4.78916
1.53 4.70516
1.54 4.62244
1.55 4.541
1.56 4.46084
1.57 4.38196
1.58 4.30436
1.59 4.22804
1.6 4.153
1.61 4.07232
1.62 3.99268
1.63 3.91408
1.64 3.83652
1.65 3.76
1.66 3.68452
1.67 3.61008
1.68 3.53668
1.69 3.46432
1.7 3.393
1.71 3.28628
1.72 3.18212
1.73 3.08052
1.74 2.98148
1.75 2.885
1.76 2.79108
1.77 2.69972
1.78 2.61092
1.79 2.52468
1.8 2.441
1.81 2.35744
1.82 2.27576
1.83 2.19596
1.84 2.11804
1.85 2.042
1.86 1.96784
1.87 1.89556
1.88 1.82516
1.89 1.75664
1.9 1.69
1.91 1.63628
1.92 1.58092
1.93 1.52392
1.94 1.46528
1.95 1.405
1.96 1.34308
1.97 1.27952
1.98 1.21432
1.99 1.14748
2 1.079
2.01 1.02992
2.02 0.98188
2.03 0.93488
2.04 0.88892
2.05 0.844
2.06 0.80012
2.07 0.75728
2.08 0.71548
2.09 0.67472
2.1 0.635
2.11 0.63816
2.12 0.63524
2.13 0.62624
2.14 0.61116
2.15 0.59
2.16 0.56276
2.17 0.52944
2.18 0.49004
2.19 0.44456
2.2 0.393
2.21 0.3504
2.22 0.301
2.23 0.2448
2.24 0.1818
2.25 0.112
2.26 0.0354
2.27 -0.048
2.28 -0.1382
2.29 -0.2352
2.3 -0.339
2.31 -0.29624
2.32 -0.26276
2.33 -0.23856
2.34 -0.22364
2.35 -0.218
2.36 -0.22164
2.37 -0.23456
2.38 -0.25676
2.39 -0.28824
2.4 -0.329
2.41 -0.38924
2.42 -0.45316
2.43 -0.52076
2.44 -0.59204
2.45 -0.667
2.46 -0.74564
2.47 -0.82796
2.48 -0.91396
2.49 -1.00364
2.5 -1.097
